
[1mRooFit v3.60 -- Developed by Wouter Verkerke and David Kirkby[0m 
                Copyright (C) 2000-2013 NIKHEF, University of California & Stanford University
                All rights reserved, please read http://roofit.sourceforge.net/license.txt

 -- Input parameters: 
 -- Input file path: root://eoscms//eos/cms/store/cmst3/group/hgcal/Standalone/V30//gitV00-03-03/gamma/
 -- Digi Input file path: /afs/cern.ch/work/m/msun/HGCAL_03_08/PFCal/PFCalEE/digi/git_V00-03-03/version_30/model_2/gamma/BON/et_50/eta_2.000/a_2.000/run_0/
 -- Output file path: /afs/cern.ch/work/m/msun/HGCAL_03_08/PFCal/PFCalEE/digi/git_V00-03-03/version_30/model_2/gamma/BON/et_50/eta_2.000/a_2.000/run_0/eta2.0_et50_pu0_IC2.root
 -- Output folder: /afs/cern.ch/work/m/msun/HGCAL_03_08/PFCal/PFCalEE/digi/git_V00-03-03/version_30/model_2/gamma/BON/et_50/eta_2.000/a_2.000/run_0/eta2.0_et50_pu0_IC2
 -- Requiring 3 si layers.
 -- Number cells in signal region for fit: 3 cells
 -- Residual max considered for filling matrix and fitting: 25 mm
 -- Apply PUMix fix? 0
 -- Processing 10 events.
 -- Random number seed: 1
 -- input file root://eoscms//eos/cms/store/cmst3/group/hgcal/Standalone/V30/gitV00-03-03/gamma/HGcal_version30_model2_BON_et50_eta2.000_run0.root successfully opened.
 -- input file /afs/cern.ch/work/m/msun/HGCAL_03_08/PFCal/PFCalEE/digi/git_V00-03-03/version_30/model_2/gamma/BON/et_50/eta_2.000/a_2.000/run_0//DigiPFcal.root successfully opened.
 -- Version number is : 30, model = 2, cellSize = 2.5
 -- Created detector static object.
 -------------------------- 
 -- Detector information -- 
 -------------------------- 
 - nSections = 3
 - nLayers = 28
 - detNames =  FECAL MECAL BECAL
 -------------------------- 
 -- N layers = 28
 -- N sections = 3
 -- output file /afs/cern.ch/work/m/msun/HGCAL_03_08/PFCal/PFCalEE/digi/git_V00-03-03/version_30/model_2/gamma/BON/et_50/eta_2.000/a_2.000/run_0/eta2.0_et50_pu0_IC2.root successfully opened.
 -- Reading pu density from input file: data/EnergyDensity.dat
Energy Density function: f(x) = exp(p0+p1*x)
layer  p0  p1
layer 0: -12.1656 2.21679
layer 1: -11.5412 2.26347
layer 2: -11.4102 2.35964
layer 3: -11.3297 2.43241
layer 4: -11.3809 2.53021
layer 5: -11.4271 2.6069
layer 6: -11.5726 2.70059
layer 7: -11.6744 2.76093
layer 8: -11.8457 2.83272
layer 9: -12.0063 2.89951
layer 10: -12.1514 2.94084
layer 11: -12.2768 2.97649
layer 12: -12.4962 3.02396
layer 13: -12.609 3.03539
layer 14: -12.7915 3.05949
layer 15: -12.9141 3.07085
layer 16: -13.0621 3.08015
layer 17: -13.0714 3.05089
layer 18: -13.2026 3.05424
layer 19: -13.2669 3.05338
layer 20: -13.4396 3.07844
layer 21: -13.5301 3.08802
layer 22: -13.5851 3.05724
layer 23: -13.567 3.02555
layer 24: -13.8242 3.09225
layer 25: -13.7775 3.04948
layer 26: -13.8376 3.03848
layer 27: -13.8463 3.02514
layer 28: -14.1166 3.09353
layer 29: -14.1882 3.08232
--- Filling z positions:
- Processing = 10 events out of 1000
... Processing entry: 0
... Processing entry: 1
... Processing entry: 2
... Processing entry: 3
... Processing entry: 4
... Processing entry: 5
... Processing entry: 6
... Processing entry: 7
... Processing entry: 8
... Processing entry: 9
 --- Z positions of layers: 
 Layer 0, z = 3208.8
 Layer 1, z = 3216.3
 Layer 2, z = 3230.6
 Layer 3, z = 3238.1
 Layer 4, z = 3252.4
 Layer 5, z = 3259.9
 Layer 6, z = 3274.2
 Layer 7, z = 3281.7
 Layer 8, z = 3296
 Layer 9, z = 3303.5
 Layer 10, z = 3318.6
 Layer 11, z = 3327.3
 Layer 12, z = 3342.4
 Layer 13, z = 3351.1
 Layer 14, z = 3366.2
 Layer 15, z = 3374.9
 Layer 16, z = 3390
 Layer 17, z = 3398.7
 Layer 18, z = 3413.8
 Layer 19, z = 3422.5
 Layer 20, z = 3439
 Layer 21, z = 3449.7
 Layer 22, z = 3466.2
 Layer 23, z = 3476.9
 Layer 24, z = 3493.4
 Layer 25, z = 3504.1
 Layer 26, z = 3520.6
 Layer 27, z = 3531.3
 -- z positions taken from file data/zPositions_v30.dat
 -- Info: redoing least square fit.
- Processing = 10 events out of 1000
... Processing entry: 0
 nPuVtx = 0
... Size of hit vectors: sim = 88132, reco = 1064 gen 2
 Found truth vertex pos at: x=1.13687e-13 z=36.8488 xpos was: -837.97
 -- Building clusters out of 1064 hits: 
 -- Size of seed vec: 220
 -- Number of clusters per layer: 65
 -- Number of clusters after linking in z: 5
 -- Found 5 clusters.
 Cluster 0:
=== Layer 13	 width 4	 Nhits 8	 E 76.4167	 seedE 16.1304	 ===
=== eta,phi 1.96053 -2.87889	 seed eta,phi 1.99216 -2.88099	 ===
 Cluster 1:
=== Layer 16	 width 0	 Nhits 3	 E 22.0235	 seedE 11.1406	 ===
=== eta,phi 1.97544 -2.95656	 seed eta,phi 1.96731 -2.95434	 ===
 Cluster 2:
=== Layer 11	 width 20	 Nhits 571	 E 13104.1	 seedE 1271.15	 ===
=== eta,phi 2.01135 -2.89568	 seed eta,phi 2.01084 -2.89661	 ===
 Cluster 3:
=== Layer 24	 width 0	 Nhits 4	 E 15.0107	 seedE 10.453	 ===
=== eta,phi 2.03468 -2.8487	 seed eta,phi 2.03374 -2.84705	 ===
 Cluster 4:
=== Layer 14	 width 0	 Nhits 3	 E 22.0096	 seedE 14.1408	 ===
=== eta,phi 1.96146 -2.91975	 seed eta,phi 1.96425 -2.9218	 ===
 -- evt 0 found cluster mindR= 0.0113594
=== Layer 11	 width 20	 Nhits 571	 E 13104.1	 seedE 1271.15	 ===
=== eta,phi 2.01135 -2.89568	 seed eta,phi 2.01084 -2.89661	 ===
 Truth pos eta-phi = 2 -2.89609
... Processing entry: 1
 nPuVtx = 0
... Size of hit vectors: sim = 82784, reco = 1034 gen 1
 Found truth vertex pos at: x=0 z=1.18122 xpos was: 798.185
 -- Building clusters out of 1034 hits: 
 -- Size of seed vec: 226
 -- Number of clusters per layer: 58
 -- Number of clusters after linking in z: 9
 -- Found 9 clusters.
 Cluster 0:
=== Layer 5	 width 0	 Nhits 3	 E 22.3646	 seedE 11.5894	 ===
=== eta,phi 1.98199 0.47306	 seed eta,phi 1.98086 0.463648	 ===
 Cluster 1:
=== Layer 22	 width 0	 Nhits 4	 E 32.1165	 seedE 17.782	 ===
=== eta,phi 2.04511 0.429807	 seed eta,phi 2.04422 0.429347	 ===
 Cluster 2:
=== Layer 15	 width 24	 Nhits 523	 E 11355.3	 seedE 860.798	 ===
=== eta,phi 2.00041 0.418732	 seed eta,phi 1.99937 0.420405	 ===
 Cluster 3:
=== Layer 22	 width 0	 Nhits 2	 E 15.4321	 seedE 10.5491	 ===
=== eta,phi 2.07339 0.406224	 seed eta,phi 2.06705 0.403419	 ===
 Cluster 4:
=== Layer 27	 width 0	 Nhits 2	 E 13.8926	 seedE 13.305	 ===
=== eta,phi 1.95586 0.468221	 seed eta,phi 1.9555 0.468034	 ===
 Cluster 5:
=== Layer 20	 width 1	 Nhits 7	 E 60.0108	 seedE 22.5562	 ===
=== eta,phi 1.96789 0.391612	 seed eta,phi 1.9803 0.403535	 ===
 Cluster 6:
=== Layer 14	 width 0	 Nhits 4	 E 23.5971	 seedE 13.2173	 ===
=== eta,phi 1.95208 0.412732	 seed eta,phi 1.96488 0.417169	 ===
 Cluster 7:
=== Layer 12	 width 0	 Nhits 3	 E 21.2166	 seedE 12.9668	 ===
=== eta,phi 1.99375 0.511643	 seed eta,phi 1.99862 0.521834	 ===
 Cluster 8:
=== Layer 15	 width 0	 Nhits 2	 E 15.5204	 seedE 12.8139	 ===
=== eta,phi 2.04198 0.333638	 seed eta,phi 2.04439 0.332426	 ===
 -- evt 1 found cluster mindR= 0.000422094
=== Layer 15	 width 24	 Nhits 523	 E 11355.3	 seedE 860.798	 ===
=== eta,phi 2.00041 0.418732	 seed eta,phi 1.99937 0.420405	 ===
 Truth pos eta-phi = 2 0.418844
 Summary of reco and truth positions:
0 nHits=1 Max=(-581.25,-71.25)	 Reco=(-581.25,-71.25)	 Truth=(807.958,359.693)
1 nHits=1 Max=(810,360)	 Reco=(810,360)	 Truth=(809.847,360.534)
2 nHits=1 Max=(810,360)	 Reco=(810,360)	 Truth=(813.449,362.137)
3 nHits=3 Max=(820,360)	 Reco=(819.621,360.147)	 Truth=(815.338,362.978)
4 nHits=3 Max=(820,360)	 Reco=(819.842,363.87)	 Truth=(818.94,364.582)
5 nHits=5 Max=(820,370)	 Reco=(820.162,368.598)	 Truth=(820.829,365.423)
6 nHits=5 Max=(820,370)	 Reco=(822.591,368.01)	 Truth=(824.431,367.026)
7 nHits=7 Max=(830,370)	 Reco=(828.669,369.605)	 Truth=(826.321,367.867)
8 nHits=9 Max=(830,370)	 Reco=(828.896,370.653)	 Truth=(829.923,369.471)
9 nHits=7 Max=(830,370)	 Reco=(830.17,369.788)	 Truth=(831.812,370.312)
10 nHits=9 Max=(840,370)	 Reco=(836.773,370.866)	 Truth=(835.615,372.005)
11 nHits=8 Max=(840,370)	 Reco=(839.107,371.127)	 Truth=(837.807,372.981)
12 nHits=9 Max=(840,370)	 Reco=(840.389,373.713)	 Truth=(841.61,374.674)
13 nHits=9 Max=(840,380)	 Reco=(842.072,377.266)	 Truth=(843.802,375.65)
14 nHits=9 Max=(850,380)	 Reco=(848.345,378.251)	 Truth=(847.605,377.343)
15 nHits=9 Max=(850,380)	 Reco=(849.608,379.061)	 Truth=(849.796,378.318)
16 nHits=9 Max=(850,380)	 Reco=(851.535,379.705)	 Truth=(853.6,380.012)
17 nHits=9 Max=(860,380)	 Reco=(856.355,381.198)	 Truth=(855.791,380.987)
18 nHits=9 Max=(860,380)	 Reco=(858.75,381.307)	 Truth=(859.595,382.681)
19 nHits=9 Max=(860,380)	 Reco=(860.67,382.447)	 Truth=(861.786,383.656)
20 nHits=9 Max=(870,390)	 Reco=(865.697,386.813)	 Truth=(865.942,385.506)
21 nHits=9 Max=(870,390)	 Reco=(867.392,386.057)	 Truth=(868.638,386.706)
22 nHits=8 Max=(870,390)	 Reco=(872.117,388.614)	 Truth=(872.794,388.557)
23 nHits=9 Max=(880,390)	 Reco=(875.933,390.418)	 Truth=(875.489,389.756)
24 nHits=8 Max=(880,390)	 Reco=(882.703,390.706)	 Truth=(879.645,391.607)
25 nHits=7 Max=(880,390)	 Reco=(883,394.618)	 Truth=(882.34,392.807)
26 nHits=3 Max=(890,390)	 Reco=(886.199,397.097)	 Truth=(886.496,394.657)
27 nHits=2 Max=(890,390)	 Reco=(890,381.856)	 Truth=(889.192,395.857)
... Processing entry: 2
 nPuVtx = 0
... Size of hit vectors: sim = 62863, reco = 823 gen 1
 Found truth vertex pos at: x=0 z=0.0984158 xpos was: 238.19
 -- Building clusters out of 823 hits: 
 -- Size of seed vec: 174
 -- Number of clusters per layer: 48
 -- Number of clusters after linking in z: 6
 -- Found 6 clusters.
 Cluster 0:
=== Layer 22	 width 3	 Nhits 7	 E 55.3585	 seedE 18.799	 ===
=== eta,phi 1.96735 1.28634	 seed eta,phi 1.97495 1.28129	 ===
 Cluster 1:
=== Layer 24	 width 0	 Nhits 2	 E 24.0014	 seedE 18.0285	 ===
=== eta,phi 1.94542 1.3407	 seed eta,phi 1.94824 1.34252	 ===
 Cluster 2:
=== Layer 22	 width 0	 Nhits 2	 E 11.3267	 seedE 10.3363	 ===
=== eta,phi 2.03084 1.377	 seed eta,phi 2.0287 1.37551	 ===
 Cluster 3:
=== Layer 14	 width 17	 Nhits 425	 E 10240.3	 seedE 875.305	 ===
=== eta,phi 2.00012 1.29411	 seed eta,phi 2.00377 1.29695	 ===
 Cluster 4:
=== Layer 15	 width 0	 Nhits 2	 E 12.833	 seedE 10.0048	 ===
=== eta,phi 1.9784 1.25868	 seed eta,phi 1.97484 1.26229	 ===
 Cluster 5:
=== Layer 17	 width 0	 Nhits 2	 E 15.052	 seedE 12.816	 ===
=== eta,phi 1.94292 1.34922	 seed eta,phi 1.94261 1.34777	 ===
 -- evt 2 found cluster mindR= 0.000679609
=== Layer 14	 width 17	 Nhits 425	 E 10240.3	 seedE 875.305	 ===
=== eta,phi 2.00012 1.29411	 seed eta,phi 2.00377 1.29695	 ===
 Truth pos eta-phi = 2 1.29478
 Summary of reco and truth positions:
0 nHits=1 Max=(566.25,3.75)	 Reco=(566.25,3.75)	 Truth=(241.105,851.217)
1 nHits=1 Max=(1570,1500)	 Reco=(1570,1500)	 Truth=(241.669,853.207)
2 nHits=1 Max=(170,930)	 Reco=(170,930)	 Truth=(242.743,857.001)
3 nHits=1 Max=(-11.25,221.25)	 Reco=(-11.25,221.25)	 Truth=(243.307,858.99)
4 nHits=1 Max=(-1220,1590)	 Reco=(-1220,1590)	 Truth=(244.381,862.784)
5 nHits=1 Max=(280,1000)	 Reco=(280,1000)	 Truth=(244.945,864.773)
6 nHits=1 Max=(1550,650)	 Reco=(1550,650)	 Truth=(246.02,868.567)
7 nHits=1 Max=(1020,1570)	 Reco=(1020,1570)	 Truth=(246.583,870.557)
8 nHits=1 Max=(270,850)	 Reco=(270,850)	 Truth=(247.658,874.35)
9 nHits=1 Max=(-640,560)	 Reco=(-640,560)	 Truth=(248.221,876.34)
10 nHits=2 Max=(250,880)	 Reco=(248.268,878.268)	 Truth=(249.356,880.346)
11 nHits=2 Max=(250,880)	 Reco=(249.701,880)	 Truth=(250.01,882.654)
12 nHits=7 Max=(250,890)	 Reco=(250.256,888.944)	 Truth=(251.144,886.659)
13 nHits=8 Max=(250,890)	 Reco=(250.304,890.091)	 Truth=(251.798,888.967)
14 nHits=9 Max=(250,890)	 Reco=(251.508,891.685)	 Truth=(252.933,892.973)
15 nHits=9 Max=(250,890)	 Reco=(251.739,895.971)	 Truth=(253.586,895.281)
16 nHits=9 Max=(260,900)	 Reco=(254.827,898.852)	 Truth=(254.721,899.287)
17 nHits=9 Max=(260,900)	 Reco=(255.902,901.088)	 Truth=(255.375,901.595)
18 nHits=9 Max=(260,910)	 Reco=(257.548,905.956)	 Truth=(256.509,905.601)
19 nHits=8 Max=(260,910)	 Reco=(258.703,908.322)	 Truth=(257.163,907.909)
20 nHits=9 Max=(260,910)	 Reco=(259.111,911.154)	 Truth=(258.403,912.286)
21 nHits=9 Max=(260,910)	 Reco=(259.062,914.198)	 Truth=(259.207,915.124)
22 nHits=9 Max=(260,920)	 Reco=(259.233,918.681)	 Truth=(260.447,919.502)
23 nHits=9 Max=(260,920)	 Reco=(257.845,921.124)	 Truth=(261.251,922.34)
24 nHits=9 Max=(260,930)	 Reco=(260.535,926.627)	 Truth=(262.49,926.717)
25 nHits=9 Max=(260,930)	 Reco=(259.623,932.296)	 Truth=(263.294,929.556)
26 nHits=8 Max=(270,930)	 Reco=(264.43,931.492)	 Truth=(264.534,933.933)
27 nHits=6 Max=(270,940)	 Reco=(263.883,937.962)	 Truth=(265.338,936.772)
... Processing entry: 3
 nPuVtx = 0
... Size of hit vectors: sim = 87192, reco = 1060 gen 1
 Found truth vertex pos at: x=-1.13687e-13 z=-6.03953 xpos was: 659.896
 -- Building clusters out of 1060 hits: 
 -- Size of seed vec: 244
 -- Number of clusters per layer: 53
 -- Number of clusters after linking in z: 5
 -- Found 5 clusters.
 Cluster 0:
=== Layer 21	 width 0	 Nhits 5	 E 21.4436	 seedE 13.5762	 ===
=== eta,phi 2.01924 -0.764203	 seed eta,phi 2.0106 -0.762846	 ===
 Cluster 1:
=== Layer 13	 width 24	 Nhits 531	 E 12117.2	 seedE 971.9	 ===
=== eta,phi 1.99848 -0.717031	 seed eta,phi 1.99522 -0.716804	 ===
 Cluster 2:
=== Layer 20	 width 0	 Nhits 3	 E 18.749	 seedE 17.0756	 ===
=== eta,phi 2.05243 -0.732164	 seed eta,phi 2.05098 -0.730336	 ===
 Cluster 3:
=== Layer 14	 width 0	 Nhits 3	 E 21.5773	 seedE 15.5446	 ===
=== eta,phi 1.91777 -0.698333	 seed eta,phi 1.92091 -0.701091	 ===
 Cluster 4:
=== Layer 22	 width 0	 Nhits 4	 E 24.1287	 seedE 10.6228	 ===
=== eta,phi 1.96206 -0.664315	 seed eta,phi 1.96579 -0.6637	 ===
 -- evt 3 found cluster mindR= 0.00155273
=== Layer 13	 width 24	 Nhits 531	 E 12117.2	 seedE 971.9	 ===
=== eta,phi 1.99848 -0.717031	 seed eta,phi 1.99522 -0.716804	 ===
 Truth pos eta-phi = 2 -0.717328
 Summary of reco and truth positions:
0 nHits=1 Max=(670,-580)	 Reco=(670,-580)	 Truth=(667.958,-582.694)
1 nHits=1 Max=(670,-580)	 Reco=(670,-580)	 Truth=(669.516,-584.054)
2 nHits=3 Max=(670,-590)	 Reco=(670.198,-588.832)	 Truth=(672.487,-586.645)
3 nHits=4 Max=(670,-590)	 Reco=(672.123,-589.594)	 Truth=(674.046,-588.005)
4 nHits=8 Max=(680,-590)	 Reco=(679.573,-589.62)	 Truth=(677.017,-590.597)
5 nHits=7 Max=(680,-590)	 Reco=(680.014,-590.68)	 Truth=(678.575,-591.956)
6 nHits=9 Max=(680,-590)	 Reco=(680.186,-591.937)	 Truth=(681.546,-594.548)
7 nHits=8 Max=(680,-600)	 Reco=(680.863,-597.372)	 Truth=(683.105,-595.907)
8 nHits=9 Max=(690,-600)	 Reco=(686.76,-598.922)	 Truth=(686.076,-598.499)
9 nHits=9 Max=(690,-600)	 Reco=(688.892,-599.511)	 Truth=(687.634,-599.859)
10 nHits=9 Max=(690,-600)	 Reco=(690.122,-601.39)	 Truth=(690.771,-602.596)
11 nHits=9 Max=(690,-600)	 Reco=(690.801,-602.538)	 Truth=(692.579,-604.172)
12 nHits=9 Max=(700,-610)	 Reco=(696.671,-607.954)	 Truth=(695.716,-606.909)
13 nHits=9 Max=(700,-610)	 Reco=(698.37,-608.875)	 Truth=(697.524,-608.486)
14 nHits=9 Max=(700,-610)	 Reco=(699.755,-610.389)	 Truth=(700.661,-611.223)
15 nHits=9 Max=(700,-610)	 Reco=(701.472,-611.619)	 Truth=(702.469,-612.8)
16 nHits=9 Max=(710,-620)	 Reco=(706.115,-616.281)	 Truth=(705.606,-615.537)
17 nHits=9 Max=(710,-620)	 Reco=(707.937,-619.122)	 Truth=(707.414,-617.114)
18 nHits=9 Max=(710,-620)	 Reco=(709.794,-620.243)	 Truth=(710.551,-619.851)
19 nHits=9 Max=(710,-620)	 Reco=(710.692,-620.796)	 Truth=(712.359,-621.428)
20 nHits=9 Max=(720,-620)	 Reco=(717.607,-622.28)	 Truth=(715.787,-624.418)
21 nHits=8 Max=(720,-630)	 Reco=(718.234,-627.208)	 Truth=(718.011,-626.358)
22 nHits=9 Max=(720,-630)	 Reco=(716.245,-630.733)	 Truth=(721.439,-629.348)
23 nHits=7 Max=(720,-630)	 Reco=(717.471,-634.316)	 Truth=(723.662,-631.288)
24 nHits=3 Max=(730,-630)	 Reco=(728.324,-633.515)	 Truth=(727.09,-634.278)
25 nHits=4 Max=(730,-640)	 Reco=(733.899,-635.143)	 Truth=(729.313,-636.218)
26 nHits=4 Max=(730,-640)	 Reco=(734.401,-639.703)	 Truth=(732.742,-639.208)
27 nHits=2 Max=(730,-630)	 Reco=(738.753,-630)	 Truth=(734.965,-641.148)
... Processing entry: 4
 nPuVtx = 0
... Size of hit vectors: sim = 84145, reco = 1065 gen 1
 Found truth vertex pos at: x=-1.13687e-13 z=-90.5652 xpos was: -722.885
 -- Building clusters out of 1065 hits: 
 -- Size of seed vec: 225
 -- Number of clusters per layer: 59
 -- Number of clusters after linking in z: 8
 -- Found 8 clusters.
 Cluster 0:
=== Layer 11	 width 23	 Nhits 569	 E 12461.5	 seedE 1362.12	 ===
=== eta,phi 1.97507 2.5054	 seed eta,phi 1.97237 2.50657	 ===
 Cluster 1:
=== Layer 18	 width 0	 Nhits 2	 E 18.2271	 seedE 10.937	 ===
=== eta,phi 1.9912 2.39939	 seed eta,phi 1.98571 2.39321	 ===
 Cluster 2:
=== Layer 12	 width 0	 Nhits 2	 E 11.9218	 seedE 10.6096	 ===
=== eta,phi 1.95745 2.5366	 seed eta,phi 1.958 2.53342	 ===
 Cluster 3:
=== Layer 11	 width 3	 Nhits 4	 E 29.1486	 seedE 15.2812	 ===
=== eta,phi 2.00104 2.45649	 seed eta,phi 2.00874 2.44967	 ===
 Cluster 4:
=== Layer 10	 width 0	 Nhits 3	 E 18.1597	 seedE 10.3684	 ===
=== eta,phi 1.9706 2.57504	 seed eta,phi 1.97365 2.56834	 ===
 Cluster 5:
=== Layer 12	 width 0	 Nhits 5	 E 29.3462	 seedE 21.4177	 ===
=== eta,phi 2.01257 2.57629	 seed eta,phi 2.00927 2.57486	 ===
 Cluster 6:
=== Layer 18	 width 0	 Nhits 3	 E 18.6705	 seedE 11.5824	 ===
=== eta,phi 1.89802 2.49378	 seed eta,phi 1.89497 2.49809	 ===
 Cluster 7:
=== Layer 12	 width 0	 Nhits 2	 E 25.3184	 seedE 16.6849	 ===
=== eta,phi 2.02702 2.50398	 seed eta,phi 2.0292 2.50704	 ===
 -- evt 4 found cluster mindR= 0.0249375
=== Layer 11	 width 23	 Nhits 569	 E 12461.5	 seedE 1362.12	 ===
=== eta,phi 1.97507 2.5054	 seed eta,phi 1.97237 2.50657	 ===
 Truth pos eta-phi = 2 2.50495
... Processing entry: 5
 nPuVtx = 0
... Size of hit vectors: sim = 84372, reco = 1029 gen 2
 Found truth vertex pos at: x=-5.68434e-14 z=60.6936 xpos was: 138.792
 -- Building clusters out of 1029 hits: 
 -- Size of seed vec: 216
 -- Number of clusters per layer: 48
 -- Number of clusters after linking in z: 6
 -- Found 6 clusters.
 Cluster 0:
=== Layer 19	 width 0	 Nhits 6	 E 26.6041	 seedE 12.1823	 ===
=== eta,phi 1.97699 1.385	 seed eta,phi 1.98632 1.3816	 ===
 Cluster 1:
=== Layer 17	 width 0	 Nhits 3	 E 40.3571	 seedE 30.5518	 ===
=== eta,phi 2.00618 1.44681	 seed eta,phi 2.00955 1.44109	 ===
 Cluster 2:
=== Layer 11	 width 23	 Nhits 530	 E 11185.8	 seedE 953.287	 ===
=== eta,phi 2.01764 1.40815	 seed eta,phi 2.01568 1.40383	 ===
 Cluster 3:
=== Layer 13	 width 0	 Nhits 2	 E 20.9438	 seedE 11.7761	 ===
=== eta,phi 2.02287 1.37136	 seed eta,phi 2.0293 1.37997	 ===
 Cluster 4:
=== Layer 7	 width 0	 Nhits 2	 E 21.2775	 seedE 16.3665	 ===
=== eta,phi 1.948 1.46832	 seed eta,phi 1.94776 1.46592	 ===
 Cluster 5:
=== Layer 19	 width 0	 Nhits 2	 E 17.372	 seedE 13.4231	 ===
=== eta,phi 2.09521 1.43912	 seed eta,phi 2.09299 1.4421	 ===
 -- evt 5 found cluster mindR= 0.0176443
=== Layer 11	 width 23	 Nhits 530	 E 11185.8	 seedE 953.287	 ===
=== eta,phi 2.01764 1.40815	 seed eta,phi 2.01568 1.40383	 ===
 Truth pos eta-phi = 2 1.40819
... Processing entry: 6
 nPuVtx = 0
... Size of hit vectors: sim = 85342, reco = 1096 gen 1
 Found truth vertex pos at: x=0 z=53.5709 xpos was: 433.803
 -- Building clusters out of 1096 hits: 
 -- Size of seed vec: 247
 -- Number of clusters per layer: 57
 -- Number of clusters after linking in z: 8
 -- Found 8 clusters.
 Cluster 0:
=== Layer 2	 width 0	 Nhits 2	 E 11.5413	 seedE 10.2596	 ===
=== eta,phi 1.93238 1.22809	 seed eta,phi 1.93276 1.22918	 ===
 Cluster 1:
=== Layer 8	 width 22	 Nhits 517	 E 11921.2	 seedE 813.542	 ===
=== eta,phi 2.01646 1.04138	 seed eta,phi 2.01806 1.04191	 ===
 Cluster 2:
=== Layer 18	 width 0	 Nhits 2	 E 20.2224	 seedE 14.6968	 ===
=== eta,phi 2.03738 0.976115	 seed eta,phi 2.03574 0.97362	 ===
 Cluster 3:
=== Layer 14	 width 1	 Nhits 7	 E 105.15	 seedE 76.0058	 ===
=== eta,phi 2.00205 1.05888	 seed eta,phi 2.01065 1.05841	 ===
 Cluster 4:
=== Layer 19	 width 0	 Nhits 3	 E 17.5874	 seedE 11.3699	 ===
=== eta,phi 1.99589 0.962712	 seed eta,phi 2.00318 0.959199	 ===
 Cluster 5:
=== Layer 8	 width 7	 Nhits 14	 E 145.693	 seedE 34.9137	 ===
=== eta,phi 1.9916 1.00816	 seed eta,phi 1.98691 1.0099	 ===
 Cluster 6:
=== Layer 17	 width 0	 Nhits 2	 E 11.2241	 seedE 10.4075	 ===
=== eta,phi 2.00363 0.913972	 seed eta,phi 2.00304 0.914448	 ===
 Cluster 7:
=== Layer 13	 width 2	 Nhits 4	 E 67.0317	 seedE 37.3543	 ===
=== eta,phi 1.98896 1.09396	 seed eta,phi 1.98873 1.0928	 ===
 -- evt 6 found cluster mindR= 0.0164602
=== Layer 8	 width 22	 Nhits 517	 E 11921.2	 seedE 813.542	 ===
=== eta,phi 2.01646 1.04138	 seed eta,phi 2.01806 1.04191	 ===
 Truth pos eta-phi = 2 1.04158
... Processing entry: 7
 nPuVtx = 0
... Size of hit vectors: sim = 86482, reco = 1095 gen 2
 Found truth vertex pos at: x=0 z=28.4672 xpos was: 96.6211
 -- Building clusters out of 1095 hits: 
 -- Size of seed vec: 247
 -- Number of clusters per layer: 57
 -- Number of clusters after linking in z: 5
 -- Found 5 clusters.
 Cluster 0:
=== Layer 13	 width 26	 Nhits 586	 E 11518.4	 seedE 829.251	 ===
=== eta,phi 2.00945 1.46082	 seed eta,phi 2.00883 1.46135	 ===
 Cluster 1:
=== Layer 11	 width 3	 Nhits 6	 E 46.1962	 seedE 18.1972	 ===
=== eta,phi 1.98054 1.47659	 seed eta,phi 1.98324 1.48499	 ===
 Cluster 2:
=== Layer 12	 width 1	 Nhits 4	 E 40.4717	 seedE 16.0512	 ===
=== eta,phi 2.00538 1.41781	 seed eta,phi 1.99919 1.40743	 ===
 Cluster 3:
=== Layer 10	 width 4	 Nhits 6	 E 48.153	 seedE 22.5496	 ===
=== eta,phi 2.02467 1.51412	 seed eta,phi 2.01439 1.5153	 ===
 Cluster 4:
=== Layer 16	 width 0	 Nhits 3	 E 24.4486	 seedE 12.7686	 ===
=== eta,phi 2.01243 1.51734	 seed eta,phi 2.01379 1.5165	 ===
 -- evt 7 found cluster mindR= 0.00962395
=== Layer 13	 width 26	 Nhits 586	 E 11518.4	 seedE 829.251	 ===
=== eta,phi 2.00945 1.46082	 seed eta,phi 2.00883 1.46135	 ===
 Truth pos eta-phi = 2 1.45902
 Summary of reco and truth positions:
0 nHits=1 Max=(100,870)	 Reco=(100,870)	 Truth=(97.8145,871.411)
1 nHits=2 Max=(100,870)	 Reco=(98.8127,870)	 Truth=(98.0451,873.466)
2 nHits=4 Max=(100,880)	 Reco=(98.6654,878.826)	 Truth=(98.485,877.384)
3 nHits=3 Max=(100,880)	 Reco=(99.0976,880.474)	 Truth=(98.7156,879.439)
4 nHits=7 Max=(100,880)	 Reco=(100.799,883.388)	 Truth=(99.1554,883.357)
5 nHits=7 Max=(100,880)	 Reco=(100.028,886.863)	 Truth=(99.3861,885.412)
6 nHits=9 Max=(100,890)	 Reco=(100.493,887.968)	 Truth=(99.8259,889.33)
7 nHits=8 Max=(100,890)	 Reco=(100.175,889.756)	 Truth=(100.057,891.385)
8 nHits=7 Max=(100,890)	 Reco=(99.4429,894.596)	 Truth=(100.496,895.303)
9 nHits=9 Max=(100,900)	 Reco=(100.639,898.68)	 Truth=(100.727,897.358)
10 nHits=9 Max=(100,900)	 Reco=(100.067,899.879)	 Truth=(101.191,901.496)
11 nHits=9 Max=(100,900)	 Reco=(100.795,902.11)	 Truth=(101.459,903.88)
12 nHits=9 Max=(100,910)	 Reco=(101.052,908.687)	 Truth=(101.923,908.017)
13 nHits=9 Max=(100,910)	 Reco=(100.974,909.833)	 Truth=(102.191,910.401)
14 nHits=9 Max=(100,910)	 Reco=(101.552,912.316)	 Truth=(102.655,914.538)
15 nHits=9 Max=(100,920)	 Reco=(101.506,917.749)	 Truth=(102.923,916.922)
16 nHits=9 Max=(100,920)	 Reco=(102.136,919.989)	 Truth=(103.387,921.059)
17 nHits=9 Max=(100,920)	 Reco=(102.158,921.609)	 Truth=(103.655,923.443)
18 nHits=9 Max=(100,930)	 Reco=(103.459,927.615)	 Truth=(104.119,927.581)
19 nHits=9 Max=(100,930)	 Reco=(102.153,929.658)	 Truth=(104.387,929.964)
20 nHits=9 Max=(100,930)	 Reco=(102.952,932.236)	 Truth=(104.895,934.485)
21 nHits=9 Max=(100,940)	 Reco=(102.029,940.878)	 Truth=(105.224,937.417)
22 nHits=8 Max=(100,940)	 Reco=(104.25,940.197)	 Truth=(105.731,941.938)
23 nHits=6 Max=(100,940)	 Reco=(103.337,943.931)	 Truth=(106.06,944.87)
24 nHits=6 Max=(100,950)	 Reco=(104.89,947.404)	 Truth=(106.568,949.391)
25 nHits=8 Max=(100,950)	 Reco=(102.985,950.416)	 Truth=(106.897,952.323)
26 nHits=5 Max=(110,960)	 Reco=(109.705,957.592)	 Truth=(107.404,956.844)
27 nHits=3 Max=(110,960)	 Reco=(101.637,959.286)	 Truth=(107.733,959.776)
... Processing entry: 8
 nPuVtx = 0
... Size of hit vectors: sim = 82120, reco = 1058 gen 1
 Found truth vertex pos at: x=0 z=47.5867 xpos was: -752.87
 -- Building clusters out of 1058 hits: 
 -- Size of seed vec: 215
 -- Number of clusters per layer: 52
 -- Number of clusters after linking in z: 7
 -- Found 7 clusters.
 Cluster 0:
=== Layer 14	 width 0	 Nhits 2	 E 16.1085	 seedE 14.8697	 ===
=== eta,phi 2.00024 2.73322	 seed eta,phi 2.00107 2.73104	 ===
 Cluster 1:
=== Layer 11	 width 24	 Nhits 548	 E 11850.4	 seedE 723.97	 ===
=== eta,phi 2.01406 2.63502	 seed eta,phi 2.01384 2.63342	 ===
 Cluster 2:
=== Layer 18	 width 4	 Nhits 11	 E 122.051	 seedE 34.7558	 ===
=== eta,phi 1.9918 2.65145	 seed eta,phi 1.99698 2.64478	 ===
 Cluster 3:
=== Layer 25	 width 0	 Nhits 2	 E 12.8306	 seedE 10.5751	 ===
=== eta,phi 2.00031 2.71255	 seed eta,phi 1.99944 2.71497	 ===
 Cluster 4:
=== Layer 21	 width 0	 Nhits 3	 E 21.6624	 seedE 17.5678	 ===
=== eta,phi 1.97205 2.62617	 seed eta,phi 1.97493 2.62753	 ===
 Cluster 5:
=== Layer 24	 width 0	 Nhits 3	 E 23.5785	 seedE 16.5462	 ===
=== eta,phi 2.06875 2.60945	 seed eta,phi 2.06498 2.61831	 ===
 Cluster 6:
=== Layer 19	 width 0	 Nhits 5	 E 24.7928	 seedE 15.7544	 ===
=== eta,phi 2.07258 2.67017	 seed eta,phi 2.07118 2.66774	 ===
 -- evt 8 found cluster mindR= 0.0140606
=== Layer 11	 width 24	 Nhits 548	 E 11850.4	 seedE 723.97	 ===
=== eta,phi 2.01406 2.63502	 seed eta,phi 2.01384 2.63342	 ===
 Truth pos eta-phi = 2 2.6352
... Processing entry: 9
 nPuVtx = 0
... Size of hit vectors: sim = 84743, reco = 1027 gen 1
 Found truth vertex pos at: x=-5.68434e-14 z=67.9085 xpos was: -378.235
 -- Building clusters out of 1027 hits: 
 -- Size of seed vec: 242
 -- Number of clusters per layer: 70
 -- Number of clusters after linking in z: 8
 -- Found 8 clusters.
 Cluster 0:
=== Layer 14	 width 0	 Nhits 2	 E 18.5595	 seedE 14.7005	 ===
=== eta,phi 2.08926 -2.047	 seed eta,phi 2.09028 -2.05032	 ===
 Cluster 1:
=== Layer 24	 width 0	 Nhits 2	 E 11.4436	 seedE 10.235	 ===
=== eta,phi 2.07357 -2.03286	 seed eta,phi 2.07153 -2.03444	 ===
 Cluster 2:
=== Layer 13	 width 23	 Nhits 530	 E 12918.7	 seedE 980.174	 ===
=== eta,phi 2.02003 -2.02961	 seed eta,phi 2.02167 -2.02949	 ===
 Cluster 3:
=== Layer 11	 width 0	 Nhits 2	 E 20.8303	 seedE 12.6856	 ===
=== eta,phi 1.99426 -2.02854	 seed eta,phi 2.00525 -2.02464	 ===
 Cluster 4:
=== Layer 19	 width 1	 Nhits 5	 E 63.5244	 seedE 35.5726	 ===
=== eta,phi 2.08294 -2.08321	 seed eta,phi 2.09016 -2.08128	 ===
 Cluster 5:
=== Layer 19	 width 0	 Nhits 2	 E 16.4056	 seedE 11.9591	 ===
=== eta,phi 2.0412 -2.10106	 seed eta,phi 2.03974 -2.10364	 ===
 Cluster 6:
=== Layer 17	 width 4	 Nhits 7	 E 56.6606	 seedE 31.7347	 ===
=== eta,phi 2.08581 -2.00402	 seed eta,phi 2.08398 -2.0032	 ===
 Cluster 7:
=== Layer 23	 width 0	 Nhits 2	 E 18.7603	 seedE 11.9268	 ===
=== eta,phi 1.94736 -2.01637	 seed eta,phi 1.94898 -2.02117	 ===
 -- evt 9 found cluster mindR= 0.00575342
=== Layer 11	 width 0	 Nhits 2	 E 20.8303	 seedE 12.6856	 ===
=== eta,phi 1.99426 -2.02854	 seed eta,phi 2.00525 -2.02464	 ===
 Truth pos eta-phi = 2 -2.02887
 Summary of reco and truth positions:
0 nHits=1 Max=(-380,-780)	 Reco=(-380,-780)	 Truth=(-382.966,-776.729)
1 nHits=1 Max=(-380,-780)	 Reco=(-380,-780)	 Truth=(-383.88,-778.584)
2 nHits=3 Max=(-390,-790)	 Reco=(-388.081,-780.178)	 Truth=(-385.624,-782.12)
3 nHits=1 Max=(-410,-810)	 Reco=(-410,-810)	 Truth=(-386.538,-783.975)
4 nHits=3 Max=(-380,-800)	 Reco=(-388.551,-790.521)	 Truth=(-388.282,-787.511)
5 nHits=2 Max=(-390,-820)	 Reco=(-383.476,-813.476)	 Truth=(-389.196,-789.366)
6 nHits=4 Max=(-390,-810)	 Reco=(-390.115,-800.509)	 Truth=(-390.94,-792.902)
7 nHits=4 Max=(-400,-810)	 Reco=(-391.254,-800.338)	 Truth=(-391.854,-794.757)
8 nHits=4 Max=(-400,-820)	 Reco=(-398.031,-810.124)	 Truth=(-393.598,-798.293)
9 nHits=6 Max=(-400,-820)	 Reco=(-395.249,-815.957)	 Truth=(-394.512,-800.148)
10 nHits=5 Max=(-410,-820)	 Reco=(-401.841,-812.385)	 Truth=(-396.354,-803.882)
11 nHits=6 Max=(-410,-820)	 Reco=(-400.696,-810.336)	 Truth=(-397.414,-806.033)
12 nHits=6 Max=(-410,-840)	 Reco=(-412.26,-835.092)	 Truth=(-399.255,-809.768)
13 nHits=8 Max=(-410,-830)	 Reco=(-403.555,-821.484)	 Truth=(-400.316,-811.919)
14 nHits=7 Max=(-410,-830)	 Reco=(-403.039,-821.354)	 Truth=(-402.157,-815.653)
15 nHits=5 Max=(-410,-840)	 Reco=(-403.703,-833.249)	 Truth=(-403.218,-817.805)
16 nHits=8 Max=(-420,-840)	 Reco=(-415.241,-832.202)	 Truth=(-405.059,-821.539)
17 nHits=7 Max=(-420,-850)	 Reco=(-416.552,-843.772)	 Truth=(-406.12,-823.69)
18 nHits=8 Max=(-420,-850)	 Reco=(-417.826,-845.024)	 Truth=(-407.961,-827.424)
19 nHits=7 Max=(-420,-850)	 Reco=(-417.353,-843.911)	 Truth=(-409.022,-829.576)
20 nHits=7 Max=(-420,-850)	 Reco=(-413.984,-842.14)	 Truth=(-411.034,-833.656)
21 nHits=7 Max=(-420,-860)	 Reco=(-419.384,-852.739)	 Truth=(-412.338,-836.302)
22 nHits=6 Max=(-420,-860)	 Reco=(-416.472,-854.437)	 Truth=(-414.35,-840.383)
23 nHits=1 Max=(-440,-870)	 Reco=(-440,-870)	 Truth=(-415.655,-843.029)
24 nHits=2 Max=(-430,-860)	 Reco=(-422.505,-852.505)	 Truth=(-417.667,-847.109)
25 nHits=4 Max=(-420,-870)	 Reco=(-412.61,-863.359)	 Truth=(-418.971,-849.755)
26 nHits=1 Max=(-430,-880)	 Reco=(-430,-880)	 Truth=(-420.983,-853.836)
27 nHits=3 Max=(-430,-850)	 Reco=(-422.639,-848.703)	 Truth=(-422.288,-856.482)
 -- Number of converted photons: 0
 -- Number of events with closest cluster away from truth within dR 0.1 : 5
 -- End of filling matrix
 -- End of filling matrix
 -- Error matrix: 
0 0 0.164726750297818
0 1 1.55665044259642
0 2 0.948674661462284
0 3 -3.73707468455874
0 4 -0.225198118328064
0 5 2.82556111332017
0 6 1.39976500158164
0 7 -1.34063393971011
0 8 -12.6036475459807
0 9 0.788539995301927
0 10 -3.23774648886768
0 11 -2.6687617373963
0 12 1.23677084614934
0 13 -0.235793559008592
0 14 -0.577737159694959
0 15 0.176208825882501
0 16 -4.45245144336139
0 17 -6.10145775862499
0 18 -5.43102948675608
0 19 -5.33529013969994
0 20 -1.84126667023194
0 21 -3.67017907334822
0 22 -1.58683202465458
0 23 -2.17803674324501
0 24 -3.16100327484388
0 25 4.63110194418969
0 26 2.07516949186384
0 27 -0.624692265990206
1 0 1.55665044259642
1 1 2.23035303882482
1 2 -0.110448522143693
1 3 -1.20141896176314
1 4 -1.19785584247387
1 5 3.46437911569687
1 6 1.25778806699882
1 7 0.151520614375251
1 8 -8.82220794856655
1 9 -0.242844903552632
1 10 -3.67333799712603
1 11 -2.22585225461425
1 12 0.537818707196272
1 13 -1.53378178111537
1 14 -0.203825801938123
1 15 0.434011848064862
1 16 -6.73006410197221
1 17 -7.59693203654944
1 18 -6.88989170739829
1 19 -5.63409885891093
1 20 -2.33425991416594
1 21 -4.45407925224659
1 22 -0.172703717378899
1 23 2.24973393583807
1 24 -3.64480398986451
1 25 4.93722329023277
1 26 -0.334429219647561
1 27 -0.148013894153647
2 0 0.948674661462284
2 1 -0.110448522143693
2 2 1.78678454728773
2 3 -1.60201032086893
2 4 0.419725778426113
2 5 -0.159627512793007
2 6 1.03254246063504
2 7 -0.692022984984827
2 8 9.78703607162499
2 9 0.538837803431317
2 10 -0.188654449142326
2 11 -0.014241415347416
2 12 -0.392527916410237
2 13 0.203286580077567
2 14 -1.06033439158765
2 15 -1.0105516259371
2 16 2.52412327699509
2 17 1.42145205613989
2 18 2.74844802517426
2 19 2.20075632308864
2 20 -0.151736824374715
2 21 0.558254443046638
2 22 0.509763666725648
2 23 -1.89839653731249
2 24 -2.12205149016849
2 25 -5.66522649288546
2 26 0.996588641238281
2 27 -4.24926671353454
3 0 -3.73707468455874
3 1 -1.20141896176314
3 2 -1.60201032086893
3 3 6.55894077908256
3 4 -1.24635719432407
3 5 -3.42296315286011
3 6 -1.28007772629771
3 7 4.61505645479297
3 8 -5.05542515472906
3 9 -2.88551645649702
3 10 3.24003329415065
3 11 3.77622006423813
3 12 -2.00274821457146
3 13 -1.91671580388043
3 14 2.15006020946037
3 15 1.09102965426854
3 16 -1.07822138293032
3 17 2.16487404488733
3 18 1.22160075641083
3 19 1.3495357555818
3 20 -1.28654097390835
3 21 -0.242482695988553
3 22 4.12760936054761
3 23 6.96790982941301
3 24 4.12502638775046
3 25 -3.23059736510341
3 26 -2.00783173399963
3 27 -1.44556469314869
4 0 -0.225198118328064
4 1 -1.19785584247387
4 2 0.419725778426113
4 3 -1.24635719432407
4 4 1.07065075573519
4 5 -1.50602374132973
4 6 -0.549393263778714
4 7 -1.14451290073072
4 8 -3.91839260309421
4 9 0.812309703048828
4 10 1.49030992149407
4 11 0.248107645906117
4 12 0.581124712219408
4 13 1.51958859783403
4 14 0.0575443292585293
4 15 -0.0371857601144039
4 16 3.14276798612209
4 17 3.03958007526404
4 18 2.39638396529756
4 19 1.17816239469697
4 20 1.13864223624849
4 21 1.77909765734491
4 22 -1.35536761304919
4 23 -3.04697980919247
4 24 2.12342347212723
4 25 0.0719495682657961
4 26 1.51030410014953
4 27 0.920401040802849
5 0 2.82556111332017
5 1 3.46437911569687
5 2 -0.159627512793007
5 3 -3.42296315286011
5 4 -1.50602374132973
5 5 5.73122498764847
5 6 1.86625128456166
5 7 -0.688072505382775
5 8 -11.9820611908803
5 9 0.198011034528043
5 10 -5.88952715279736
5 11 -3.96817002797958
5 12 1.44637698409592
5 13 -1.79684637104514
5 14 -0.612267910632162
5 15 0.512618863751488
5 16 -9.63773128577794
5 17 -11.3853441124475
5 18 -10.3888554987331
5 19 -8.47327196428171
5 20 -2.90386334754788
5 21 -6.23084054267071
5 22 -1.21570765495244
5 23 1.64357722002669
5 24 -5.76311468278533
5 25 8.57456007312936
5 26 -0.23265041486575
5 27 0.926990548940137
6 0 1.39976500158164
6 1 1.25778806699882
6 2 1.03254246063504
6 3 -1.28007772629771
6 4 -0.549393263778714
6 5 1.86625128456166
6 6 1.40789349094253
6 7 -0.0864041950556663
6 8 0.559482449097284
6 9 0.0319976644260009
6 10 -2.24582660949698
6 11 -1.1856924175328
6 12 -0.0940777483745269
6 13 -0.946652708071355
6 14 -0.703543893351853
6 15 -0.331896002896199
6 16 -2.6324438171527
6 17 -3.7199939167608
6 18 -2.44582172891291
6 19 -2.01939420444218
6 20 -1.66138392722128
6 21 -2.46330316441719
6 22 0.479687885623313
6 23 0.661223414816504
6 24 -3.4612265592174
6 25 -0.858261236131111
6 26 0.321331235597268
6 27 -3.03060297355023
7 0 -1.34063393971011
7 1 0.151520614375251
7 2 -0.692022984984827
7 3 4.61505645479297
7 4 -1.14451290073072
7 5 -0.688072505382775
7 6 -0.0864041950556663
7 7 2.68575975778648
7 8 -2.36353468677369
7 9 -1.71991249232424
7 10 0.482781511214169
7 11 1.44248941789941
7 12 -1.59879923825669
7 13 -1.72961514802506
7 14 0.924664497668371
7 15 0.536908989651789
7 16 -2.53168768505613
7 17 -1.14720183840647
7 18 -1.11510635635067
7 19 -0.550480115544675
7 20 -1.55648078399837
7 21 -1.53781297960664
7 22 2.59201017427546
7 23 5.47867934448945
7 24 0.499983032363951
7 25 -1.50847332496195
7 26 -1.5655417211692
7 27 -1.74438053544268
8 0 -12.6036475459807
8 1 -8.82220794856655
8 2 9.78703607162499
8 3 -5.05542515472906
8 4 -3.91839260309421
8 5 -11.9820611908803
8 6 0.559482449097284
8 7 -2.36353468677369
8 8 93.3852658782822
8 9 2.47333836941349
8 10 4.66715226273099
8 11 4.28427975755634
8 12 -2.58296883476889
8 13 1.43672120510491
8 14 -3.26323757835806
8 15 -4.36311790213056
8 16 18.7675777386402
8 17 18.6924372585082
8 18 20.9231523606702
8 19 22.5379777901374
8 20 8.21145041786421
8 21 14.0939255256281
8 22 3.25761064818154
8 23 -9.67009483573005
8 24 -1.79399094486568
8 25 -23.3891890837718
8 26 -3.76637932457132
8 27 -2.368907495495
9 0 0.788539995301927
9 1 -0.242844903552632
9 2 0.538837803431317
9 3 -2.88551645649702
9 4 0.812309703048828
9 5 0.198011034528043
9 6 0.0319976644260009
9 7 -1.71991249232424
9 8 2.47333836941349
9 9 1.11612557342096
9 10 -0.0787908914842484
9 11 -0.760111759272014
9 12 0.94125926666432
9 13 1.18629099179728
9 14 -0.618109035784484
9 15 -0.413822867244403
9 16 2.13145899216568
9 17 1.26345032145052
9 18 1.26953305469031
9 19 0.803194989749696
9 20 1.10136516359585
9 21 1.25977580675242
9 22 -1.578371380356
9 23 -3.65634906015008
9 24 -0.191992382791014
9 25 0.329515598823839
9 26 1.05983048574331
9 27 0.858821972460506
10 0 -3.23774648886768
10 1 -3.67333799712603
10 2 -0.188654449142326
10 3 3.24003329415065
10 4 1.49030992149407
10 5 -5.88952715279736
10 6 -2.24582660949698
10 7 0.482781511214169
10 8 4.66715226273099
10 9 -0.0787908914842484
10 10 4.79626874898866
10 11 2.9891449328682
10 12 -0.750060429132535
10 13 1.67767928062087
10 14 0.786412709048655
10 15 -0.081297306401052
10 16 7.18282678061561
10 17 8.7674147718569
10 18 7.46205413382322
10 19 5.87220022926278
10 20 2.47729988235053
10 21 4.88424059249121
10 22 0.369314127075861
10 23 -1.44523973228536
10 24 5.45867855287707
10 25 -4.58848575072491
10 26 0.305693510810975
10 27 0.818144709505185
11 0 -2.6687617373963
11 1 -2.22585225461425
11 2 -0.014241415347416
11 3 3.77622006423813
11 4 0.248107645906117
11 5 -3.96817002797958
11 6 -1.1856924175328
11 7 1.44248941789941
11 8 4.28427975755634
11 9 -0.760111759272014
11 10 2.9891449328682
11 11 2.33589053770017
11 12 -1.08729520411643
11 13 0.335831870244444
11 14 0.651238695898421
11 15 -0.00823889475627682
11 16 3.68566489268434
11 17 5.02174864913729
11 18 4.4486241871137
11 19 3.73673043724502
11 20 0.945658965784602
11 21 2.49497184247269
11 22 1.3121633420864
11 23 0.801235856121296
11 24 3.08473030502574
11 25 -4.1263697009463
11 26 -0.365830404919415
11 27 -0.6323967100351
12 0 1.23677084614934
12 1 0.537818707196272
12 2 -0.392527916410237
12 3 -2.00274821457146
12 4 0.581124712219408
12 5 1.44637698409592
12 6 -0.0940777483745269
12 7 -1.59879923825669
12 8 -2.58296883476889
12 9 0.94125926666432
12 10 -0.750060429132535
12 11 -1.08729520411643
12 12 0.73125240162963
12 13 0.634515655308075
12 14 -0.247612840357502
12 15 0.0388212884742326
12 16 -0.304101112763393
12 17 -0.883040842043261
12 18 -1.13290013102304
12 19 -1.10856947423417
12 20 0.511053022743683
12 21 0.0063042698092044
12 22 -1.52358201130989
12 23 -1.76737480635811
12 24 -0.262088621819795
12 25 2.96869714964964
12 26 0.459131876054187
12 27 1.97428235290537
13 0 -0.235793559008592
13 1 -1.53378178111537
13 2 0.203286580077567
13 3 -1.91671580388043
13 4 1.51958859783403
13 5 -1.79684637104514
13 6 -0.946652708071355
13 7 -1.72961514802506
13 8 1.43672120510491
13 9 1.18629099179728
13 10 1.67767928062087
13 11 0.335831870244444
13 12 0.634515655308075
13 13 1.7141912472424
13 14 -0.121165610264485
13 15 -0.241440744232005
13 16 4.14722676358031
13 17 4.03857647292664
13 18 3.37368783340325
13 19 2.35648267888062
13 20 1.85165970983004
13 21 2.73532289812189
13 22 -1.46812146631629
13 23 -3.45820617414321
13 24 2.13546157238472
13 25 -0.424618867443175
13 26 1.03429761733149
13 27 1.60349205963572
14 0 -0.577737159694959
14 1 -0.203825801938123
14 2 -1.06033439158765
14 3 2.15006020946037
14 4 0.0575443292585293
14 5 -0.612267910632162
14 6 -0.703543893351853
14 7 0.924664497668371
14 8 -3.26323757835806
14 9 -0.618109035784484
14 10 0.786412709048655
14 11 0.651238695898421
14 12 -0.247612840357502
14 13 -0.121165610264485
14 14 0.566966228293821
14 15 0.371278357295698
14 16 -0.198431880698862
14 17 0.533709344886136
14 18 0.016060156826341
14 19 -0.027927536517494
14 20 0.00803645011048743
14 21 0.132746702543087
14 22 0.3593949642235
14 23 1.324892088241
14 24 1.4118792336541
14 25 0.628814098992437
14 26 -0.392123190378173
14 27 0.781813111737962
15 0 0.176208825882501
15 1 0.434011848064862
15 2 -1.0105516259371
15 3 1.09102965426854
15 4 -0.0371857601144039
15 5 0.512618863751488
15 6 -0.331896002896199
15 7 0.536908989651789
15 8 -4.36311790213056
15 9 -0.413822867244403
15 10 -0.081297306401052
15 11 -0.00823889475627682
15 12 0.0388212884742326
15 13 -0.241440744232005
15 14 0.371278357295698
15 15 0.362922185871745
15 16 -1.26406867640279
15 17 -0.921015968720408
15 18 -1.24641349096181
15 19 -1.08428320712249
15 20 -0.293697805544129
15 21 -0.607145549368363
15 22 0.0254912406930181
15 23 1.12926411667016
15 24 0.480525306849296
15 25 1.70362998062051
15 26 -0.288670036047185
15 27 0.861258311451322
16 0 -4.45245144336139
16 1 -6.73006410197221
16 2 2.52412327699509
16 3 -1.07822138293032
16 4 3.14276798612209
16 5 -9.63773128577794
16 6 -2.6324438171527
16 7 -2.53168768505613
16 8 18.7675777386402
16 9 2.13145899216568
16 10 7.18282678061561
16 11 3.68566489268434
16 12 -0.304101112763393
16 13 4.14722676358031
16 14 -0.198431880698862
16 15 -1.26406867640279
16 16 15.3131046580642
16 17 16.1335462283791
16 18 14.8318587672278
16 19 11.7612600780902
16 20 5.45008609729389
16 21 9.80164691334811
16 22 -1.09074239537807
